<!DOCTYPE html>
<html>

<head data-gwd-animation-mode="quickMode">
  <title>Homepage</title>
  <meta http-equiv="Content-Type" content="text/html; charset=utf-8">
  <meta name="generator" content="Google Web Designer 1.3.0.0410">
  <style type="text/css">
    html, body {
      width: 100%;
      height: 100%;
      margin: 0px;
    }
    body {
      -webkit-transform: perspective(1400px) matrix3d(1, 0, 0, 0, 0, 1, 0, 0, 0, 0, 1, 0, 0, 0, 0, 1);
      -webkit-transform-style: preserve-3d;
      background-color: transparent;
    }
    .gwd-div-sfoo {
      position: absolute;
      width: 624px;
      height: 296px;
      left: 190px;
      top: 72px;
      font-family: 'Times New Roman';
      text-align: left;
      -webkit-transform-origin: 105px 0px 0px;
      -webkit-transform: matrix3d(1, 0, 0, 0, 0, 1, 0, 0, 0, 0, 1, 0, 0, 0, 0, 1);
      -webkit-transform-style: preserve-3d;
    }
    .gwd-span-n2bw {
      font-family: Arial;
      font-weight: bold;
      font-size: 32px;
    }
    @-webkit-keyframes gwd-gen-6kqlgwdanimation_gwd-keyframes {
      0% {
        -webkit-transform-origin: 105px 0px 0px;
        -webkit-transform: matrix3d(1, 0, 0, 0, 0, 1, 0, 0, 0, 0, 1, 0, 0, 0, 0, 1);
        -webkit-animation-timing-function: linear;
      }
      11.11% {
        -webkit-transform-origin: 113.8558632015px 41.5377788486px 0px;
        -webkit-transform: matrix3d(0.9310654591, 0.198725434, 0.3059825366, 0, -0.2087370637, 0.9779717983, 0, 0, -0.2992422916, -0.0638698962, 0.9520371249, 0, -3.8558632015, 1.4622211514, 0, 1);
        -webkit-animation-timing-function: linear;
      }
      22.22% {
        -webkit-transform-origin: 123.1525844307px 47.0817539446px 0px;
        -webkit-transform: matrix3d(0.8246510884, 0.1760124854, 0.5375594732, 0, -0.2087370637, 0.9779717983, 0, 0, -0.5257180047, -0.1122085859, 0.8432258372, 0, -5.6561593247, 3.1898556932, 2.8483407719, 1);
        -webkit-animation-timing-function: linear;
      }
      33.33% {
        -webkit-transform-origin: 123.140625px 47.078125px;
        -webkit-transform: matrix3d(0.596377852, 0.2085242512, 0.7751458535, 0, -0.0745493587, 0.9758832708, -0.2051687962, 0, -0.7992345404, 0.0645714998, 0.597540518, 0, -5.6561593247, 3.1898556932, 2.8483407719, 1);
        -webkit-animation-timing-function: linear;
      }
      44.44% {
        -webkit-transform-origin: 123.140625px 47.078125px;
        -webkit-transform: matrix3d(0.3251106072, 0.2182848089, 0.920138487, 0, -0.0745493587, 0.9758832708, -0.2051687962, 0, -0.9427329877, -0.0018931822, 0.3335429952, 0, -5.6561593247, 3.1898556932, 2.8483407719, 1);
        -webkit-animation-timing-function: linear;
      }
      55.56% {
        -webkit-transform-origin: 129.2925433477px 47.2735041259px 0px;
        -webkit-transform: matrix3d(-0.1466577294, 0.1927749929, 0.9702212698, 0, -0.0745493587, 0.9758832708, -0.2051687962, 0, -0.9863741194, -0.1024189634, -0.1287495726, 0, -9.8225891515, 4.5280141086, 8.4688719124, 1);
        -webkit-animation-timing-function: linear;
      }
      66.67% {
        -webkit-transform-origin: 129.28125px 47.265625px;
        -webkit-transform: matrix3d(-0.9763822172, -0.1471161451, -0.1582232779, 0, -0.1000370766, 0.9569536199, -0.2724561481, 0, 0.1914950367, -0.2501931441, -0.9490695662, 0, -9.8225891515, 4.5280141086, 8.4688719124, 1);
        -webkit-animation-timing-function: linear;
      }
      77.78% {
        -webkit-transform-origin: 129.28125px 47.265625px;
        -webkit-transform: matrix3d(0.0212953321, -0.2717078057, -0.9621441561, 0, -0.1000370766, 0.9569536199, -0.2724561481, 0, 0.9947557951, 0.1020521329, -0.0068022094, 0, -9.8225891515, 4.5280141086, 8.4688719124, 1);
        -webkit-animation-timing-function: linear;
      }
      88.89% {
        -webkit-transform-origin: 129.28125px 47.265625px;
        -webkit-transform: matrix3d(0.9515125817, 0.0119542453, -0.3073774596, 0, -0.1000370766, 0.9569536199, -0.2724561481, 0, 0.290888965, 0.2899945957, 0.9117492772, 0, -9.8225891515, 4.5280141086, 8.4688719124, 1);
        -webkit-animation-timing-function: linear;
      }
      100% {
        -webkit-transform-origin: 129.28125px 47.265625px;
        -webkit-transform: matrix3d(0.9515125817, 0.0119542453, -0.3073774596, 0, -0.1000370766, 0.9569536199, -0.2724561481, 0, 0.290888965, 0.2899945957, 0.9117492772, 0, -9.8225891515, 4.5280141086, 8.4688719124, 1);
        -webkit-animation-timing-function: linear;
      }
    }
    body .gwd-gen-6kqlgwdanimation {
      -webkit-animation: gwd-gen-6kqlgwdanimation_gwd-keyframes 4.5s linear 0s 1 normal forwards;
    }
  </style>
</head>

<body>
  <div class="gwd-div-sfoo gwd-gen-6kqlgwdanimation"><span class="gwd-span-n2bw"><a href="mailto:austin@austinalter.com">AUSTIN ALTER</a></span>
  </div>
  <br>
   <br>
    <br>
     <br>
      <br>
      <br>
      <br>
      <br>
      <br>
       <img src=https://64.media.tumblr.com/8b09c45c096118e6b483c9024f81523e/918e6272790573c9-a6/s250x400/756c66a11884a450785b76aa788c48428968ddd0.jpg>
      <br>
      <br>
      <br>
  
  <a href="https://drab.world"> Drab World </a>
  
      <br>
      
      <a href="https://www.icloud.com/sharedalbum/#B0W5Uzl7VDwn9c"> Portraits </a>
      <br>
      <br>
      <a href="https://www.linkedin.com/in/austin-alter-a7159471"> CV </a>
      <br>
      
     
</body>

</html>
